264871687
860403607
721303005
460048983
292307138
401107823
625812351
638234390
320899266
626660281
198383483
196345279
543375453
415737466
587884588
913764581
541050244
859103880
745875878
473661919
113894830
484216220
792853732
369468521
868373562
559502286
139034195
606085173
814585418
379933572
880558010
167961549
279583826
700950773
875329848
913814634
268286277
136171318
659968389
108937919
320142234
726571465
282508065
329416975
541603004
853963560
868453002
342177067
430770533
849143927
561103579
588728354
896905935
429068625
221536425
419674132
678053447
729235537
904860707
162186086
860431694
241522508
166068990
550039009
138193087
491683032
129740271
634873466
208445761
196716494
255238843
795649431
879490736
130709198
717898228
158057543
845178479
297392204
686452517
859834966
215946065
213020167
790423540
536864749
500817459
894219290
927046055
627771114
405434551
668613405
726848275
227233678
942697635
722935376
289153193
240471235
644086896
809312828
406106814
786909195
296885781
353112419
264217378
432648986
614919776
632295745
379329342
219348454
531264032
428400198
555922712
824070222
458277587
886433848
844460594
695249758
138881217
931201744
501455622
274790559
211374500
628146860
865612195
185606846
362442206
774410530
687321667
465509644
749283867
510285978
518648875
634136815
576009288
503950370
380506069
384502635
267053564
454532195
901177756
143146566
423330096
532954561
373537245
204984320
947317420
888466470
378682096
884988977
407296867
885474056
335623908
505578064
405798622
654778889
104968199
231048620
467243213
780427930
496021381
380585349
588293402
213602948
954165447
313160272
660700399
154978888
818157943
796445113
245878563
517819987
420370093
362260278
900050661
145054455
489316068
427821235
424953367
270672159
882258830
713804783
318308210
220077208
941883392
115001176
620013046
503760414
191469396
866503881
353478300
679425525
905185418
763477089
760827368
506874937
915193630
346916260
895756535
708309177
316345898
566850724
150686647
331186434
954551243
429124529
148581530
436585465
770502065
483190954
456360295
750620849
572924662
319211241
221833336
448610913
149252162
340246781
336483889
211057513
755895178
868807103
230679272
821629411
970750140
806195826
934229826
714513159
818287367
445827516
295535019
550528677
258924597
485346541
747477171
656426096
695015732
924655526
259533437
603077964
841165286
765544449
976562396
349945321
469026640
144899108
581874538
132117742
739599144
911661035
444404477
286492046
737919132
451427359
782456734
497844455
165044759
447373048
731716041
238196395
759920749
451983505
344388237
704250950
207926609
627579555
494299700
468432640
653760587
559365905
958133571
778260532
446800356
221384026
552553261
164587906
723908527
454535977
611208816
811939202
168695746
235301856
464671854
485797322
327576662
852686050
579523314
664803841
452988517
602046759
987612017
217034082
817695659
559782232
946294429
128636332
974305366
929711313
211900344
504562421
951442732
219957278
638358899
332580292
335866414
197161517
226949737
571292677
125003379
173147973
974619358
761071877
409329285
761189091
779572926
641351355
547001429
127439716
662992310
239050469
645968609
891753458
264609472
535109675
224956073
645574491
356802159
791276993
844596500
568747754
280159052
291533412
409439594
472460497
691647167
151475230
763647921
901728206
334659212
255120416
311075733
246662632
987834117
196342708
175002730
128021184
624443039
581426531
416598024
733003557
153012726
572902178
288090878
558539711
769850378
339994723
848614536
921119782
282163515
892980692
293899354
281443975
758247694
417852577
667029584
840120503
191931831
422316167
415925217
636112159
117649571
521006688
828734365
450386662
895667622
327004995
253498291
336051426
618026544
808332746
219500582
922715323
865696489
976171987
381823321
693860760
348653691
158185762
438737048
836831280
304405212
448221585
304451643
288787064
828815704
187290380
930424845
182540771
904221364
585885769
969047494
860683001
205277724
402778543
468807237
748673572
192993031
188951878
211216673
198001831
877914863
528012131
750321903
740854721
523398494
434469764
348650612
463260167
741956003
717686876
134398016
449823157
817433601
982892331
442183986
484291442
629847511
622313842
864335764
119370787
524915842
202499242
618102346
317276979
795534670
611129821
461124595
308839353
881813974
492243765
955889118
598054874
679475178
778718031
113934011
710362854
741838953
600242210
853787742
961540457
568937120
711219660
681315908
159081943
632894063
825367533
430191026
644535651
208984278
859402316
565519934
973505384
995120658
320902948
567540327
739049248
101495847
889598594
819182272
882503913
804211288
650073139
806997363
829245891
188795841
195634379
688950823
203126660
663807402
869247225
105357177
375198320
387460086
699489562
572927437
238209862
834038366
778790050
928010411
935451056
531475778
205920048
206458572
987538394
393757040
788779900
363831533
934530143
350074607
266681619
976866978
958949584
727136997
390294812
225410677
333783730
689012925
985889197
278980989
863707775
227900279
487505973
474583869
195104192
499216175
448796250
387679760
109488386
665035009
243557655
268831053
103877761
659072168
804675642
249135993
395041194
584545201
448766247
116839591
190420332
632206805
932101510
559493410
739399128
859808281
954218319
845412064
807136005
169848928
588199461
990015247
828249737
385773796
751963138
795814458
483908528
528614507
645740588
471567641
697700480
622837493
459370297
406406679
897038675
366058373
237756969
183237679
423413265
268193894
178729175
808770754
969765341
356561775
158365531
385555503
303244317
685526414
383901153
745158714
166057396
927415593
152831040
431730665
543567353
926042738
360698283
214027854
352799331
193976959
302304799
603438851
360523523
307359337
529496615
211651247
768806375
202536345
709577544
511033356
576269023
434706419
971392384
206035477
851251841
607691346
465241120
463734879
255153434
795387892
857107470
683544355
490049177
296281344
494711087
798171084
285624762
338212883
603190528
695088342
882374633
304568162
768389352
853855231
360907137
289848327
625516350
767055801
764130969
605135120
843753716
947974166
254069751
553751731
426355384
354348306
562497928
172119693
745724023
326895301
159981702
853061357
663238820
926040053
320647886
726751902
220470835
718763362
834988339
540698814
153300308
924952893
194976421
424513226
226417099
574364406
378798952
106961850
196749903
727049127
546524474
396545512
353501329
250988748
525428714
581852339
260770641
159452604
570645691
664155658
795898974
375022714
544397936
360246084
568891053
965765526
189837787
270999887
365525502
572612375
235731892
480708278
616111633
155578246
966582721
775348044
357777210
419577336
664109165
597115285
897824913
764461325
268614635
262156703
175835074
372313728
412080064
495064755
583023589
662272446
330862339
120285823
298421001
485469132
972766656
775435191
522766169
836958161
487731504
198117994
555213499
658721192
606036832
675613909
769758503
936989215
375394117
166096923
520748095
428393678
310540206
368665409
454058616
809236331
817058589
237598373
669974932
469356579
218629214
285862754
441507843
532835049
222246692
206090629
248740411
221230610
683662654
355204333
640691034
180993045
751292808
984693356
320031078
172585787
174869600
263054704
700978799
265715005
174297773
482725479
771102174
969818892
355514846
164367831
578201146
566216439
230299496
171427530
406742235
109324473
135080409
727830709
309663664
515167373
235228945
859552868
207488306
593079064
700781199
730172969
212893001
455413472
645501514
145050217
149762245
634383370
376625740
561540865
903613674
445663728
959430604
568373862
548767458
464511901
901733879
491107058
175637010
241151711
908583777
512896154
979667722
877509551
236697142
581681238
618732601
344639056
309601302
322872343
830840282
940499880
734107710
534001089
733897128
847207327
138278487
240190459
405296371
869369913
514323830
659539021
666614220
963246021
214367255
119049449
495100243
761994648
650081264
338596807
195307259
870530684
469378010
329074941
443593014
703904042
191865626
144622264
400524740
461294143
569717044
986274410
636979099
952706811
539598318
821323063
879113822
641847516
167167998
100581130
769548973
722493281
592162876
215650775
909772776
519839499
666503439
783003133
423777103
853312229
320878430
499844460
661074322
767450232
828339587
826540372
414379907
633150097
321787848
279075616
260085749
979716812
906942964
593038091
888158703
297678995
835446412
978510313
682789173
840520144
169017264
318933188
166519691
638579455
945301253
541773981
509996471
802635734
590713623
229307470
855126603
581423703
169827095
777484945
312710224
286345134
559866838
558169237
640833685
555597789
576143980
692158709
760221253
196822397
824762412
866248934
196275282
121540430
720667203
254370522
374530589
691094414
137942403
459350353
328269546
340571429
958025812
843451212
908549217
162005520
433092618
425535780
882420138
682011299
188079054
537387166
233743857
379871914
900231164
572539339
904082157
114679624
117159751
605454089
245299458
757796030
417978825
571201882
673221383
486532981
964743241
270604107
922452080
579353104
224049036
265504607
868383141
183312837
301444408
221916283
523077884
754631704
934925351
539558245
657463515
635600267
897833725
423339747
107948687
808151566
810051377
545060528
801306342
541868166
316851812
740709504
233056974
524980192
666942483
898943043
298646910
955050264
334776577
584503915
679860322
952496469
829025977
663488051
265318355
447521450
556816522
404555030
629384324
255098762
896663795
645913393
529775494
981829135
615994094
432450581
262357764
236694369
274481410
765728928
733104975
365404054
278257663
409299432
697707893
908229839
709830422
461538764
584975861
361364186
162278192
698012999
296328367
320442142
823609965
607776923
292795690
159609777
517188196
378887393
249330834
466559605
150522985
469336734
136519220
434725700
892201365
941796389
124455696
151696135
431139671
434950804
163112369
204722746
822727991
163109710
689206789
346813530
579403541
679266073
586030173
764626639
521937502
929670134
405361932
644693276
583347365
194468765
515579865
466800470
976138006
230501702
621584677
627837713
327510910
100674922
810502238
865999241
132544380
800591259
426658994
892017797
513113845
437947581
654887100
354428746
681050523
966156184
546066584
160849695
217550941
840966252
819401106
296767515
589845813
939713819
974962468
322081260
104470724
524150329
623548856
573869284
427017916
944602010
343778353
865226683
403442226
268485864
752188091
684157413
611617517
878369709
781595514
571076223
308376478
304190676
622447495
474731520
506955001
686784883
539588196
844560272
539796112
789359639
903477358
746350442
237354340
551778280
814690269
787338933
127760877
267928530
425588385
620480674
799815976
399673627
428584953
992528546
394303010
406487608
782576506
693500383
909848348
480461033
572843269
571178042
208575941
538079871
552612947
562388555
619323454
148720916
416149475
559019727
432890847
955257005
364953748
918388693
103061437
429280896
285751632
652850928
711339406
271274453
700820101
254376900
379440337
618013601
309832161
299665040
655425516
786045289
157225365
476788251
542171834
746655621
544862022
741571384
799396492
655594708
184796821
147466033
851861326
763821590
637242169
390782027
590470476
840267329
100969935
253759160
844893476
414387220
231680847
392122139
341317701
191179627
497997735
224795041
766478465
725632213
284902713
106158265
776582109
443945251
171334710
331430991
931293725
138580060
158907484
395603416
759832130
321344470
992333596
245104195
228510750
793248315
650950020
686563381
785311741
957850921
527876753
471251615
897103210
677609331
187337517
868693119
632924664
285326442
962604751
424036563
629284478
862974504
744680288
835369718
522967282
699457757
381287393
766579203
751658824
177524922
809407334
964657030
883859109
623843858
309307265
291611051
480241931
868865344
354336612
185046979
269321030
899872581
135201243
473787776
187830145
511346624
805442277
716462440
699106770
477363895
512508573
808699182
245943742
332102594
230712299
403391806
269552183
493995781
930122252
424907701
668563520
515703953
156484201
468535619
990621396
480960627
576224063
711069386
713511858
528680034
269874291
984128066
268640713
735308634
446869540
936595104
606613094
583684311
521669739
410320175
718330650
639792392
458329576
318561187
780457899
624441282
822178548
713458158
386189373
268391439
117105916
835641175
262223310
856699467
698916567
238442707
338247631
700960003
507611531
105748068
321714775
111131294
573374898
648881741
913866276
732814406
843434848
511578749
726119008
223423971
910862640
312271252
654903306
418979056
925692350
283591944
890092003
399923064
418799241
883434363
968201087
467182056
339179819
865870209
278816471
666597374
326785359
583872992
471640991
550730742
934292999
541173889
692305970
278329845
287198951
408656850
456814894
886798749
328328698
488002906
467103141
693200144
905041056
682961636
272789039
597184361
739953563
874241436
594794324
920084810
436441815
778011357
784721436
371719356
569856919
700476493
546785067
524835769
135591688
204981430
323877042
475599939
880197062
897379280
525463159
240434650
549938370
907584064
565327295
320952224
419924960
784569949
905751706
233490736
281553971
478231955
973704891
642106217
259409090
389964163
227965208
876057023
311168777
943265074
997425692
592319645
386323879
595369807
649135725
917864714
585831899
162462580
783483579
110263394
949620286
299691556
902705746
649124577
399502526
667700777
517119323
851682412
481938642
855262885
302463705
218520768
673303552
546753573
835415473
602343866
633378048
276770219
188501436
188799570
952362077
506350823
637767048
234573976
361387553
244303856
608029873
207358330
559947920
327594633
353998301
127569638
750754650
315377070
208762105
389380490
773420754
621803707
543101392
143798923
433236170
119068588
715934433
185698505
838408305
751851053
750488788
430318881
558052987
478966625
558724011
739462282
890713397
174201126
529205074
801840951
323601303
267006232
219331337
541712896
179015620
190384390
220951281
240911000
485263096
600894060
344344392
984569669
998081034
500126543
339875362
488225765
324512666
252764370
266174409
870023303
249788341
711583043
793737616
564018238
966603511
703199064
637326435
113635996
977513955
674644246
754012053
866751149
956322415
142894713
192297418
864654204
903419242
701315879
641588458
789926090
337246091
358132496
345305813
257794818
360058722
513714170
636906275
634181301
700223168
960805333
128585235
547420752
805846028
933727567
809885424
854508524
646146238
941674858
644411124
157900553
146496663
856334093
836453232
961151420
533164164
788500675
158438712
827507576
125282193
492544743
995201437
473820481
430879061
409360007
890566901
687508564
987453215
966851556
638781315
602056792
824766793
663241479
396540125
601341110
156397421
196816901
209445643
427032579
424438102
736101926
567041508
323871716
290147494
503816917
660183992
546510808
818018292
598082068
702827841
416915486
171130994
685920247
501005565
512095411
734491028
647527093
312585048
974798887
211665214
139163553
360469654
372850148
603666211
557109125
335073789
734287339
851067499
297712387
386699820
243666751
738781527
455602277
265678974
246272661
413081481
286551062
693340564
120854780
482685869
723345261
734044949
277591786
594954883
511378233
666137460
635771812
477308955
203653377
535258549
529222279
695578125
827765430
509479468
584688976
803560937
947225760
621271595
303105529
208593994
464849566
624777776
576600423
811971577
495245748
131593961
441239866
525260608
748207158
760208205
414166049
572933206
267959122
649102859
881032853
552244845
841102102
285785981
846844578
118300668
105261001
425492166
468706159
950564371
516149070
633400692
961648396
556032539
831174044
499687772
814144591
194401266
101892560
380758073
690500058
726862472
157400941
720985299
570950734
395150299
385884587
991063772
975348022
238380756
243581673
301319990
486124431
324325823
774577959
437834970
660754349
329156871
419957318
536240021
626137115
605292432
552374605
203172869
301560969
925875171
274619816
236843449
227403271
853213737
541816374
834550710
954477814
648967301
276700250
419796251
518167199
580701067
231867940
209088618
326639794
178726953
989454130
192824875
906188529
990603263
351640334
457738617
127015442
896402639
720367411
558900188
342640226
553852329
642047273
241620073
412334861
743545748
679523438
432305418
455414845
566697543
132834879
491042519
586199786
539178478
230393384
894909669
202273654
748099783
768197906
972047443
150498217
305748518
627820552
290077381
254247168
485152697
210932044
366811601
457817158
562806498
977110220
556804438
360078700
689184696
863582846
783680972
564972170
461401241
626368696
747786612
843699937
975597388
841993319
850055912
916585689
421623167
299043490
566666461
385142914
583553248
365756281
934379192
991543031
353235894
503284091
173798412
583825259
699698612
545612102
450911425
629672753
558977925
214223437
778499713
165830347
811260737
700435787
805853741
996362270
957216467
717263430
751050873
244937253
212939828
118386380
260826351
905815265
675353468
988401065
268502177
289298288
744317369
965832286
922122348
137434792
738835195
750548321
735020837
387394960
920287655
754368605
406681176
637169104
400339889
272843649
167917081
947681801
125175424
199549534
820305557
513224422
882022087
948072986
210708698
923686834
351275782
320328891
162842867
222296496
442110653
230346435
986904926
536192341
118272387
430357687
174984325
411213226
969523497
920490792
429297272
969004743
883022245
475573886
405975823
471102689
555895341
804131695
784647419
590925404
616189211
767198266
521017596
508913320
835578467
363189201
995772908
136814179
463193123
251586216
695461624
235088178
157944169
352029716
591800929
574753334
457010581
623009340
851400182
223466452
767006632
932041194
207436238
485852084
751992589
196816000
592330052
680511145
751125026
951477632
377957559
772090791
902716949
576848381
645838304
243920842
754304595
779579812
247250852
433374412
228276166
641835958
324958033
949845007
971886305
704800786
909539609
214572390
161775995
369203282
732179879
378305770
828506584
886636665
270074028
324196507
201002627
931271954
520142756
207345372
131462736
949526726
720884825
295460036
990891139
657243228
479337359
254214531
238706708
558666379
312312173
575041654
547946891
690709404
808213009
960237322
239876210
995162577
234451919
528105709
642525844
816482104
930407123
361331113
346035319
445796292
240828841
931998554
664182548
110869542
668365478
796694521
864242114
351958731
965009522
964528402
942916827
818159308
646800280
216154186
609927302
247255660
967633782
897563142
458580632
694883342
197763724
895176957
952505299
483330429
489178859
175076170
810951305
565704617
765999699
566995392
506284414
570657204
778883780
190574693
503406879
871515039
460039608
262592395
846691377
886444168
627486307
721292384
910314760
811402512
651212406
485032620
920381909
641149600
271873029
166884689
507189098
866936138
539724404
690179735
283853144
473639847
968298161
291434172
154502204
214590995
242042874
245919760
688395568
727445966
787645316
761922388
849187318
645647868
561696787
302337362
308509192
459042829
185033368
563419262
130043914
732592903
636608463
257027979
923753468
709355025
294389386
813164473
317909536
654474706
994045975
660712297
515016358
357157835
369029890
617407796
172641565
942319991
462584186
453955710
719829344
542681196
856806047
312933537
985849301
779930834
188972132
608508356
562501192
797209992
911320966
393320814
140153866
631380556
207318044
193859130
352520603
672547391
321842574
198284928
530100416
412646070
980687307
864693154
656226347
967901180
297143965
841407239
146753279
463978936
148738328
239652167
173246223
243133603
370744357
955356791
505639622
221703609
993741493
854039443
403298436
836625351
809201270
597042826
218624380
226023549
742435734
474828855
747359637
772880839
722724059
120081240
933939106
617424223
721537245
476588510
427677070
925676289
957308796
312682497
916712676
106909267
874895710
142117858
141620128
988498407
203559381
288026412
199687714
959269156
288158840
713965001
624584804
530438393
536532901
345395798
957578842
860355080
604512787
457271816
512963697
732772326
121535142
875506638
685760366
881208511
553034721
728680361
510437083
496035456
597064543
881076627
129981233
446293706
940283050
207848427
987024705
856985781
453896669
803314865
407416158
756730709
314916482
574709277
538825556
407804773
706956998
257948136
563792919
205196269
726102711
654228331
632777127
139351546
630860432
888679641
497954781
612600122
585396967
217007316
764210356
362073756
791459563
961581616
270862514
584709579
857331076
893982787
770719625
179314085
840996434
696535376
253638078
314784579
531001138
821204012
525996404
815992403
353778030
882803634
628486742
420448689
484723057
826441121
856061109
644408851
819410748
967944722
215589272
649099042
193130408
387705688
466134985
934612527
864585495
269337372
138886007
284059377
620313659
551672214
313827142
335090216
483225347
980607992
667189919
932223274
239969343
125871957
861491984
617712402
882644913
414298228
354350757
626903448
325623874
398930307
737638980
807145255
320996419
889877140
433658561
420890619
701756090
201032809
647926571
306659746
967186925
929734441
346805157
893152451
741786376
227774183
668598681
563341791
343097302
362062027
236317375
805469934
180487379
575018181
389048289
663490538
981243794
594779653
788455518
991753802
100035089
900569772
735646902
889272793
855493270
920982724
266720195
211638959
995137999
512040417
561827413
107385801
935223909
101179314
650146542
268984245
591073055
387843217
959068827
725152393
859528832
497923146
189896311
772917266
309810595
658723298
709457317
111166363
537360434
612628709
950632342
427834819
638024759
222772694
761577509
803549595
770094176
161562000
566462966
577048911
791193378
548595562
110108669
334495666
106828363
228691519
661276300
750275981
174583026
598148998
118283623
583509430
636618611
941826169
397030781
377973531
240291242
603358376
452405228
880426225
415797178
780956751
199723006
762531717
877976261
158129636
884790243
766923983
474649674
206237311
896367400
957863604
302794242
210882053
177181757
474922958
695163867
354994081
983478616
147348251
732071182
929710403
816506678
602941050
587952512
819458466
254300858
358688751
412399426
128002579
934924165
278873925
965193350
725336864
985120711
618029587
266798511
984884569
498303643
267343644
422491360
635314674
183996876
773681605
365281285
125399987
365424737
807391915
678847117
754035662
906653464
763802502
960758349
151965629
418377811
434398225
641194739
101805735
244584277
888194111
288747517
238140061
818494954
636000626
394314455
500477389
917798172
816504251
252853657
546550505
278463299
268577211
590786475
812623648
749935333
733860997
436334548
648569606
735536451
570076680
900172487
584946956
311506938
867856695
574145894
241677306
102139080
374442853
976457045
844998103
896684139
966038464
214067800
180800645
330702798
539782877
229297169
334692998
180913505
768197185
475027361
720323708
286518661
804551687
923990880
669010484
599122816
680849905
111612595
451826800
148320420
993977087
694502520
313920692
583689174
120960914
132237471
962839008
474782680
384873707
492038871
853731749
636853946
553738588
153777801
667637588
532477060
373197157
224279224
830663080
131550132
241949166
567558488
146327506
731625979
452080220
634852023
867529852
369680417
216184242
699960542
152209482
253123203
723744838
702390535
232731657
803492985
842886111
753767052
818488523
497799147
256827223
439768262
681115991
934227016
680812472
517523573
519193541
840660340
439253781
783160971
106352795
569100575
496825165
685391078
344014382
858655786
355263135
697862661
630511319
786357726
607803127
639896752
885971429
433594620
629326842
885118575
743843925
815450738
280784475
859287922
966387229
329661637
525258657
904246427
465021304
609683958
601446828
719072829
334863946
368525329
219459547
717125456
599503566
261221314
287759202
207355967
208411798
576225785
378289244
241706356
709997635
695104404
579907588
589919556
571486575
860860202
963395912
881879813
378567586
331999850
991157984
697420336
915010757
999090978
439351942
343939803
935691966
614812140
504189834
886582794
165803493
184062819
439504751
743581878
351697611
158374068
525477885
519590531
972821864
611246311
481770028
333688424
313910943
537742166
245124501
101273159
891261890
264364832
256830816
605269440
487518031
962957843
283327963
457760798
210840367
861510767
850308356
481777021
626607250
787125397
244052092
878747837
651795937
972386335
837133951
325019144
305388201
390605923
715331227
859407357
772880198
332630826
911745213
567171387
502755930
575035313
519292140
455215533
250315537
789957591
806042803
477396244
689198645
203573748
202390279
377797054
628507300
373455467
983481639
794917340
752695355
384248947
312931030
247299640
263934871
735604225
136008610
749124478
967271903
691854851
640367643
653872109
853347424
339736897
866412881
399133541
546549741
630304748
254902654
801199262
691836417
304943649
425489116
933306021
733585465
440451244
117223370
495075093
689801911
840356492
657565923
355962086
688014756
164683491
346509245
391211446
353796029
893203922
235639387
317845793
638815574
337867534
157067106
104027330
912487918
543594724
384247029
481303943
115401975
284441329
208196575
913506673
544430711
242897479
287849197
307138282
138884731
644735436
406421741
341622809
685039682
537897310
325192349
931134210
840296057
380373988
301775363
398038317
355395742
493053744
381470942
862055061
594876888
259210222
973430696
423659632
626293632
726946365
792124986
632666700
107654921
747447748
177774545
316892902
701801763
921138609
521092193
355102988
801418677
341863905
187279447
524817137
377081264
524215260
161415811
868400827
703797364
421950712
819275671
997448061
428437382
811140519
704813576
674948132
834395693
927768104
406241035
281670773
429775022
228207393
227247084
586978881
427598584
468718333
789510751
709303590
228611838
666723193
173098188
523516259
586228941
179161472
630544338
177416941
947852136
263740893
757064543
801824194
912460688
648421267
954556104
553991116
393934144
896718040
528008994
514364448
758932550
653382914
707478771
766857439
510464702
266578456
453519185
925804630
644829834
737089920
173662139
545316049
244694014
222605330
698082707
254549305
453410522
444132671
176866797
262522826
331562599
734363657
931477091
204926385
829884423
646045178
311184278
557637180
626768825
265424203
362660210
990768923
508939124
471738798
753176832
415547545
394029914
491254512
657394181
140275663
261684118
302676584
788698132
927910209
329137054
382995198
580038098
409703860
655256253
127747134
239008729
573985648
204501672
764168152
442064515
904801889
708962255
689118535
664412292
891596039
233920004
548297297
513143180
544069737
819819157
706147328
141124566
539879041
271892160
645190459
634022563
828388890
477543013
720301802
483221001
517024979
260901910
341936258
494405033
576904088
231615151
823591536
669132744
564323880
465054787
356424166
223586670
916790190
128725129
754931131
589563868
686752685
357977389
897641255
349471877
890073827
787242475
370450789
200366086
854683709
776476224
589297512
276130358
216400776
119262387
792124183
868673480
384355009
502871323
654055115
781907562
908978057
580187140
152087933
544086807
851683411
952122265
912888628
768623820
635849268
935840966
903463336
359013988
823590163
592664441
957856499
934737545
973244647
204211227
734818471
998431264
602073853
318615361
820839151
277606707
684156478
929165779
556618700
669935253
105318424
577674636
783821348
427156356
483746533
334732482
704024768
501601377
670881362
931962253
695582842
344711618
241763551
935357765
797400294
808665734
237591049
743504710
803849814
697710978
464480098
658634642
494289249
829141388
766305712
431049171
160566534
590189085
616510159
510141204
293249976
143341186
760412270
270165073
158818428
320872962
758918237
791987092
621305746
405160016
835394441
408282781
403475002
524111764
463821301
295443706
875257737
204657479
198009780
657161404
567636402
955084558
487157536
938379727
300160055
374726413
957123067
822289900
813038627
841886195
248917640
728370856
187077780
476102679
662199204
402377717
444201784
316953766
166193630
173842436
196752426
521360018
560420737
819462834
860902159
868466356
750442060
787490660
235980747
587542065
870075845
851897075
906332203
108029918
399834446
104646947
770139404
846355686
845342684
350540284
204653320
138040554
682439284
615777220
363871909
382332252
801717381
352717223
877860000
402813452
455622344
953220576
926892089
930313938
767190772
102485927
434271156
294630374
825582881
878389714
194113853
414740776
538165288
943215994
961953787
127904525
872102651
408652694
506699379
173852095
494992504
969834534
969285093
469491110
216573474
496001802
171270020
549396008
340289100
807032652
267147152
999911216
968802990
457175350
739599260
846662274
725101297
189051492
340275197
667598200
234031721
778868921
396483357
768751511
284258401
456566652
633334906
392325848
374821827
323637846
827119139
363917987
731159401
260146737
718970496
503178526
517692220
730795485
527402373
899957142
881922678
716751681
692332110
206343303
888727698
169710255
497477672
916141418
925160521
889682975
479117328
270960604
856448559
354178178
500235033
131891274
341028122
319799189
125966640
357830698
947965540
291607869
611005615
971114078
798163609
680639311
715819406
696573315
464268318
372596021
605563531
422611472
219122964
714105028
461554834
973106573
453063835
188504987
538924404
323328038
919314725
613208493
766166088
275624200
927608395
931384510
965421434
107497478
817842090
192263070
103787163
427619972
633452877
185746954
476338425
775050275
187638951
782015319
385080384
787580484
492017554
769296600
206532368
120073133
439655268
825527816
647949583
728004048
175013746
615365923
925541674
909096739
392435408
576964860
516715662
901519183
396306557
262516691
455619358
273261123
750192384
804371140
262461259
439859422
143745990
901347788
905624998
457779298
813153216
840431115
181563711
366916516
398142105
513106265
468523873
278764142
379693368
898283229
511333638
481879670
635148195
520330927
982562367
272448452
815276044
268046777
314432049
120000792
652873280
152159419
261035917
621659436
897213128
491270111
117095035
883115537
822351761
743145163
227546545
549419083
726008253
307458373
452287025
769334025
714712648
745571107
978108865
588505219
511651687
422384949
359371644
604299928
568422907
217510762
221594111
363441456
291220777
479218601
865788674
602426134
422544768
469245798
737365300
980973426
852836521
337696201
273851799
957565721
136633819
597161750
572403760
947513020
274778225
920037444
181100702
978655568
700219609
917877568
601170991
545950086
541322576
402820818
797853349
888086684
415493264
914698973
743257586
295230990
896360103
356076915
329258244
567314367
685070478
259569149
553215367
159240530
258691669
392299975
916558520
477121442
525617378
151972933
890547870
100327601
893424523
405522938
552971755
869531355
572184471
727829891
701835905
909987376
712327701
761921334
322450566
525348098
203107798
535941917
631260481
288322627
692819381
820751093
266261984
765087996
832502401
650598938
502119129
784586957
360447777
266806566
576859591
384195735
672667965
330992680
929215029
208679474
269357260
383662964
110449042
166749318
734576133
636470930
217082699
703847792
225382582
683980016
900203505
611860646
100528797
251638820
122474786
958210595
157817323
399789897
175286728
155490116
151391543
804857376
706666472
711155238
280417620
128832824
771543368
685325373
310472226
162327442
198404834
231462422
744201199
770198938
658272710
593297480
547692236
937015765
536649108
435060899
218742715
367979910
504496850
547149930
519655463
891731918
752684232
111129350
283653155
459099536
673377161
869271055
104513126
283148194
400347120
213929533
736072743
868846160
864611359
906786348
505958867
157650635
674013855
301293026
992686991
305046839
531595988
288819823
820414733
824235894
820178310
146162915
732314269
720217146
882446986
153014911
463766978
652261477
683684603
741915566
352996118
796671895
361800892
953626914
653641163
488289296
358181281
747784302
884293557
372219091
767380193
367435963
174938769
144265532
375184629
219047966
787474704
100328343
894858884
889498773
573348105
642275828
558646695
958726798
487356161
402267587
469616067
431460643
719302224
715757678
672953557
608368603
123863612
230309582
290958303
993288410
675612349
876732678
959759947
383607258
120315220
265678830
493650233
835674442
993678766
460636605
787172460
715827736
567282114
189308420
912159167
227174312
391035949
122623027
328646620
953397886
420724684
971332412
422906421
813250940
967751804
219045708
919459524
837291049
595707158
955532832
662137254
912736542
265697579
815430403
677222098
169618882
396020990
150098211
395850924
937901735
978644768
314725312
779802919
133509826
155190690
999694362
520563667
169956506
602595282
883008467
238561962
752814672
861077815
213161059
741562376
412887194
602376116
188218403
497514249
681323098
658209905
295143898
585587065
661973565
806922862
754159617
467601237
664885361
200003450
181981831
527093634
899159442
280149135
682620078
188339764
428469588
119579553
934425105
190831326
106249319
417805361
507426527
653913182
730640348
301364672
259610834
330152588
253279483
270566595
738479926
175155557
905800315
974797584
411504894
204743821
802043972
817122965
714478811
748890953
820354343
921757299
143607871
676909447
817533058
248156454
805296960
652089529
463756060
815382811
407575262
862504460
382556616
667691117
178067460
455486919
629546588
728073909
951137625
869651938
948591470
515828221
713585038
462971953
709827392
226013140
402449454
818037146
989082345
990958610
596021397
795965320
727033278
725775238
642464437
405498475
193574090
643195583
903305613
958196129
862152296
798009910
635362210
856016551
958228452
775856315
754140334
144088715
660796946
844296004
497055798
969956812
327998243
965850318
169439068
864340446
462099095
212647803
168719089
984458921
116733758
120567608
412214312
231552548
187966427
393370038
240765463
482048861
874062049
707761081
910661983
417388053
640978065
462281654
281050498
167881350
942289639
740465090
819859700
739101065
635195071
793106904
278307716
224217862
972141135
145773455
272727105
251617111
796045304
528737992
480265497
480950399
598930357
190502556
120171982
264621118
447937476
830220219
339290216
123028703
508702664
258214998
530572415
111488952
766167078
333353892
399124953
315678842
511872993
499325379
672292600
284333856
597200851
992050739
951918880
349674630
859897345
749261854
320389165
611892559
956240799
475742640
340062283
399742205
959512384
287057782
904565563
787786556
359532061
361425986
338975390
205536758
173805477
574127967
253364121
363408938
329934255
860737686
846782019
131867639
717068829
675586608
192940936
267794345
207581936
314141381
639968327
774393425
789059721
309841632
420101525
715687833
126547584
436817009
242367354
404800872
580405654
221103437
312193015
986870515
112516812
972040459
961456100
753184146
347163507
236351657
390191736
677358389
440815986
983961228
287379694
763842666
767002351
351548266
514394772
519910204
520925134
651037150
880948411
849379245
654742427
962689651
722671935
734940089
634403321
410623696
725307529
428657688
228713951
838140727
316362397
939010720
298503654
681329608
813420730
848387121
736787142
813887433
927605156
388092534
532933843
745121308
431688275
157855638
395725473
303417176
375636909
623471152
690955673
742852426
440320902
522238560
328089223
641690266
283157655
412175621
108305897
108611495
331233972
125131196
569881419
830085151
308321900
358728717
740359605
681027364
223345100
682799377
689288842
242289910
506790563
706754901
374972888
807969864
347293298
284529002
930936490
478660633
142176543
965256407
487573015
659793692
108147103
569274833
153094184
550201305
604427843
320840113
323758698
494248141
977075198
623669145
761482843
384415524
591065028
984374094
461546746
186620980
926680913
150029689
980465467
648299284
697827825
558762354
884649852
140512185
431358443
776519875
420175483
299420938
567043506
224016106
488482950
583932160
786972758
129561856
117120061
547535656
562890182
322983456
902526529
632529798
157677787
209884188
818976372
918884754
773448235
946929903
348335214
966364547
206559785
351360190
860819464
512826596
429173164
271089911
532974246
698152454
630399557
270290017
951966694
542679993
403652739
836639809
928118449
196105956
411591406
349845411
870596765
409645237
763240272
406486333
934238139
521105857
734470933
323132445
810806909
832721558
746726038
826901179
442120438
216931499
717361093
458480820
517535695
454232269
920349483
583419858
305862304
945789049
610718624
549926506
374682317
308679953
735794500
460241078
975435669
836538678
792383045
201669792
981494308
191723753
554115124
367639565
178426304
902960023
545467741
338263122
335947355
678368189
635377384
547648080
715920572
548618173
440586992
726777252
129996520
758261150
280529368
736611536
294946248
246762935
495314762
587375860
725345729
987444093
930111246
484156552
519249796
422624770
290127069
336717869
105781789
272761004
327489819
193982318
211615812
561490160
932399343
294733174
374219088
462315422
422585991
986759628
335207270
359384774
789543404
449222387
605452615
661252852
576157590
333310126
847526964
951910557
750569290
172560394
728143987
979731047
942242396
824605510
334482180
429621233
544471971
254363870
612794306
604830265
484028237
754294463
986936205
576995328
799677107
493322339
369705588
741669001
101842516
402227452
606226967
527001289
154136592
980700845
632073672
744537773
723874144
620550937
923313425
129087986
686788102
214141953
746291676
615292128
223626173
122415984
354970917
530203270
620749261
708635396
202881701
533111943
443976645
753367190
515188546
955992014
809792444
818399273
995608436
927577757
873668628
387596127
353069948
341380749
284214155
512857856
883866495
139097215
388182205
376387926
210039215
766648594
485848474
989727907
288539136
471781856
946665411
276564317
619715575
760040813
394040054
516828559
619366176
101241639
825992607
812443254
425470108
897319292
232118767
746740058
510650822
230840604
807997806
105049055
527048373
532448253
311234759
139619125
689171888
728006741
435278192
951146884
671803702
267404141
857452630
675519511
558312590
289062647
639373068
374395146
392650843
749841407
738953084
431142006
646007012
700502598
177841991
401096540
931086824
639247106
949594340
947489663
354861919
968450165
350134026
242171840
441025677
852280201
204550903
350724111
826424836
282013660
600752132
518528273
322669581
361939592
137391588
910555143
556090271
161683255
215106882
623594715
809781358
903076460
702088060
368501817
139421766
837865740
495649090
357536702
793966075
308611017
655976467
973413492
939197841
634229172
571616088
100958288
268692239
599781998
139111486
483031957
634097876
940585634
716968029
900269392
334123238
837263748
219503366
226034564
813237270
574490555
529826796
377917941
813734759
709620373
450027925
756967213
549487375
782778423
310525697
997734983
255679457
703426087
301147319
765606783
962127321
107600374
761595703
527412219
184422887
917321935
700631020
843979894
798607872
180158750
605642322
761757440
662707192
339822721
527813027
293897971
641680222
140516163
381023819
957913720
152197529
299847014
396607009
565154195
890506762
950338802
363533785
330849756
126618463
866962466
835387253
648819622
925541399
924916424
522420577
581386682
107957248
334031863
249298022
654413817
780560759
995636361
357099569
573056875
571718307
734632983
265511314
975667294
482670125
103296960
164322586
322478911
375284655
719293243
963979122
253169048
623364269
161052089
281869818
599880355
100772362
863294872
